cube.urdf 0.0000 1.0000 0.0000 0.0000 0.5000 0.0240 0.0000 0.0000 0.0000
triangle.urdf 0.8328 0.4760 0.6244 0.0866 0.5250 0.0240 0.0000 0.0000 0.0000
cylinder.urdf 0.4982 0.0160 0.5353 0.0500 0.5433 0.0240 0.0000 0.0000 0.0000
rect.urdf 0.1255 0.0822 0.7978 0.0000 0.5500 0.0240 0.0000 0.0000 0.0000
half-cube.urdf 0.8230 0.0668 0.2205 -0.0500 0.5433 0.0240 0.0000 0.0000 0.0000
half-cylinder.urdf 0.4258 0.3665 0.2527 -0.0866 0.5250 0.0240 0.0000 0.0000 0.0000
cube.urdf 0.5657 0.4196 0.0401 -0.1000 0.5000 0.0240 0.0000 0.0000 0.0000
concave.urdf 0.9032 0.1241 0.4470 -0.0866 0.4750 0.0240 0.0000 0.0000 0.0000
triangle.urdf 0.2503 0.4187 0.4253 -0.0500 0.4567 0.0240 0.0000 0.0000 0.0000
cylinder.urdf 0.6249 0.0162 0.6827 -0.0000 0.4500 0.0240 0.0000 0.0000 0.0000
rect.urdf 0.2831 0.3092 0.6295 0.0500 0.4567 0.0240 0.0000 0.0000 0.0000
half-cube.urdf 0.0412 0.0055 0.9085 0.0866 0.4750 0.0240 0.0000 0.0000 0.0000
half-cylinder.urdf 0.2615 0.2177 0.0697 0.2000 0.5000 0.0240 0.0000 0.0000 0.0000
cube.urdf 0.1596 0.1058 0.6824 0.1732 0.5500 0.0240 0.0000 0.0000 0.0000
concave.urdf 0.4827 0.3386 0.2768 0.1000 0.5866 0.0240 0.0000 0.0000 0.0000
triangle.urdf 0.3467 0.2870 0.8713 0.0000 0.6000 0.0240 0.0000 0.0000 0.0000
cylinder.urdf 0.3525 0.0865 0.8528 -0.1000 0.5866 0.0240 0.0000 0.0000 0.0000
rect.urdf 0.1800 0.3129 0.4892 -0.1732 0.5500 0.0240 0.0000 0.0000 0.0000
half-cube.urdf 0.9295 0.1546 0.6699 -0.2000 0.5000 0.0240 0.0000 0.0000 0.0000
half-cylinder.urdf 0.9678 0.3448 0.1315 -0.1732 0.4500 0.0240 0.0000 0.0000 0.0000
