concave.urdf 0 1 0 0.0000 0.6000 0.0240 0.0000 0.0000 0.0418
half-cube.urdf 0.3059 0.4745 0.6549 0.0562 0.6024 0.0240 0.0000 0.0000 0.0418
triangle.urdf 0.6118 0.4588 0.3725 -0.0693 0.6421 0.0240 0.0000 0.0000 0.0418
triangle.urdf 0.9490 0.5569 0.1686 -0.0267 0.7002 0.0240 0.0000 0.0000 -3.0998
cube.urdf 0.9294 0.7882 0.2824 0.0206 0.6459 0.0240 0.0000 0.0000 0.0418
half-cube.urdf 0.7294 0.6902 0.6745 -0.0548 0.5639 0.0240 0.0000 0.0000 0.0418
triangle.urdf 1.0000 0.3412 0.3490 -0.0712 0.6871 0.0240 0.0000 0.0000 -3.0998
cube.urdf 0.6902 0.4784 0.6314 -0.0885 0.5625 0.0240 0.0000 0.0000 -3.0998
cube.urdf 0.4627 0.7176 0.6980 0.0806 0.5583 0.0240 0.0000 0.0000 -3.0998
rect.urdf 1.0000 0.6157 0.6549 0.0253 0.5335 0.0240 0.0000 0.0000 0.0418
rect.urdf 1.0000 0.3412 0.3490 0.1274 0.5152 0.0240 0.0000 0.0000 0.0418
concave.urdf 0.3059 0.4745 0.6549 0.0412 0.6918 0.0240 0.0000 0.0000 0.0418
head.urdf 1.0 1.0 1.0 0.0 0.06 0.806 0.0 0.77 1.57