cube.urdf 0 1 0 0.0000 0.6000 0.0240 0.0000 0.0000 -2.5125
rect.urdf 0.3059 0.4745 0.6549 0.0397 0.5454 0.0240 0.0000 0.0000 -2.5125
cube.urdf 0.6118 0.4588 0.3725 -0.0231 0.5553 0.0240 0.0000 0.0000 -2.5125
rect.urdf 0.9490 0.5569 0.1686 -0.0728 0.5471 0.0240 0.0000 0.0000 -2.5125
half-cube.urdf 0.9294 0.7882 0.2824 -0.0587 0.5851 0.0240 0.0000 0.0000 -2.5125
cube.urdf 0.7294 0.6902 0.6745 0.0033 0.5189 0.0240 0.0000 0.0000 -2.5125
rect.urdf 1.0000 0.3412 0.3490 0.0761 0.5719 0.0240 0.0000 0.0000 -5.6541
rect.urdf 0.6902 0.4784 0.6314 -0.1257 0.6198 0.0240 0.0000 0.0000 -2.5125
half-cube.urdf 0.4627 0.7176 0.6980 0.0455 0.6331 0.0240 0.0000 0.0000 -5.6541
cube.urdf 1.0000 0.6157 0.6549 -0.0331 0.4925 0.0240 0.0000 0.0000 -2.5125
half-cube.urdf 0.4627 0.7176 0.6980 -0.0852 0.6215 0.0240 0.0000 0.0000 -5.6541
triangle.urdf 0.3059 0.4745 0.6549 0.0595 0.6712 0.0240 0.0000 0.0000 -2.5125
head.urdf 1.0 1.0 1.0 0.0 0.06 0.806 0.0 0.77 1.57