cylinder.urdf 0 1 0 0.0000 0.6000 0.0240 0.0000 0.0000 2.8230
half-cube.urdf 0.3059 0.4745 0.6549 -0.0241 0.5611 0.0240 0.0000 0.0000 2.8230
cylinder.urdf 0.6118 0.4588 0.3725 -0.0483 0.5222 0.0240 0.0000 0.0000 -0.3186
cube.urdf 0.9490 0.5569 0.1686 0.0079 0.5505 0.0240 0.0000 0.0000 2.8230
cube.urdf 0.9294 0.7882 0.2824 -0.0562 0.5717 0.0240 0.0000 0.0000 2.8230
cube.urdf 0.7294 0.6902 0.6745 -0.0421 0.6144 0.0240 0.0000 0.0000 2.8230
cylinder.urdf 1.0000 0.3412 0.3490 -0.1002 0.5397 0.0240 0.0000 0.0000 2.8230
rect.urdf 0.6902 0.4784 0.6314 -0.1294 0.5963 0.0240 0.0000 0.0000 2.8230
rect.urdf 0.4627 0.7176 0.6980 -0.0132 0.4864 0.0240 0.0000 0.0000 -0.3186
half-cube.urdf 1.0000 0.6157 0.6549 0.0259 0.4970 0.0240 0.0000 0.0000 2.8230
rect.urdf 0.7294 0.6902 0.6745 -0.1002 0.6818 0.0240 0.0000 0.0000 2.8230
rect.urdf 0.3059 0.4745 0.6549 -0.0210 0.6785 0.0240 0.0000 0.0000 2.8230
head.urdf 1.0 1.0 1.0 0.0 0.06 0.806 0.0 0.77 1.57