half-cylinder.urdf 0 1 0 0.0000 0.5950 0.0240 0.0000 0.0000 0.0000 
half-cylinder.urdf 0.3059 0.4745 0.6549 0.0000 0.6050 0.0240 0.0000 0.0000 3.1400
triangle.urdf 0.3059 0.4745 0.6549 -0.0594 0.6318 0.0240 0.0000 0.0000 -1.1434
rect.urdf 0.6118 0.4588 0.3725 -0.0025 0.5500 0.0240 0.0000 0.0000 1.9982
rect.urdf 0.9490 0.5569 0.1686 -0.0844 0.5127 0.0240 0.0000 0.0000 -1.1434
half-cube.urdf 0.9294 0.7882 0.2824 -0.0659 0.5818 0.0240 0.0000 0.0000 -1.1434
half-cube.urdf 0.7294 0.6902 0.6745 -0.0084 0.5093 0.0240 0.0000 0.0000 -1.1434
rect.urdf 1.0000 0.3412 0.3490 -0.0611 0.4615 0.0240 0.0000 0.0000 -1.1434
half-cube.urdf 0.6902 0.4784 0.6314 0.0449 0.6087 0.0240 0.0000 0.0000 1.9982
triangle.urdf 0.4627 0.7176 0.6980 -0.0184 0.6405 0.0240 0.0000 0.0000 1.9982
cube.urdf 1.0000 0.6157 0.6549 0.0952 0.6068 0.0240 0.0000 0.0000 1.9982
head.urdf 1.0 1.0 1.0 0.0 0.06 0.806 0.0 0.77 1.57