half-cube.urdf 0 1 0 0.0033 0.6223 0.0240 0.0000 0.0000 1.4223
half-cube.urdf 0.3059 0.4745 0.6549 0.0000 0.6000 0.0240 0.0000 0.0000 1.4223
cube.urdf 0.3059 0.4745 0.6549 0.0462 0.6045 0.0240 0.0000 0.0000 1.4223
rect.urdf 0.9490 0.5569 0.1686 -0.0651 0.6211 0.0240 0.0000 0.0000 1.4223
concave.urdf 0.9294 0.7882 0.2824 -0.0528 0.5520 0.0240 0.0000 0.0000 1.4223
concave.urdf 0.7294 0.6902 0.6745 0.0117 0.6779 0.0240 0.0000 0.0000 -1.7193
cylinder.urdf 1.0000 0.3412 0.3490 0.0903 0.5984 0.0240 0.0000 0.0000 -1.7193
half-cube.urdf 0.6902 0.4784 0.6314 0.1174 0.6279 0.0240 0.0000 0.0000 -1.7193
cylinder.urdf 0.4627 0.7176 0.6980 -0.0632 0.4848 0.0240 0.0000 0.0000 1.4223
concave.urdf 1.0000 0.6157 0.6549 -0.0329 0.6845 0.0240 0.0000 0.0000 -1.7193
triangle.urdf 0.9490 0.5569 0.1686 -0.1029 0.6723 0.0240 0.0000 0.0000 -1.7193
half-cube.urdf 0.3059 0.4745 0.6549 -0.1057 0.5021 0.0240 0.0000 0.0000 1.4223
head.urdf 1.0 1.0 1.0 0.0 0.06 0.806 0.0 0.77 1.57