rect.urdf 0 1 0 0.0000 0.6000 0.0240 0.0000 0.0000 1.1544
cube.urdf 0.3059 0.4745 0.6549 -0.0526 0.6479 0.0240 0.0000 0.0000 1.1544
half-cube.urdf 0.6118 0.4588 0.3725 -0.0069 0.6400 0.0240 0.0000 0.0000 1.1544
rect.urdf 0.9490 0.5569 0.1686 -0.0138 0.6800 0.0240 0.0000 0.0000 1.1544
concave.urdf 0.9294 0.7882 0.2824 -0.1029 0.6455 0.0240 0.0000 0.0000 1.1544
triangle.urdf 0.7294 0.6902 0.6745 0.0229 0.5406 0.0240 0.0000 0.0000 1.1544
rect.urdf 1.0000 0.3412 0.3490 -0.1096 0.5747 0.0240 0.0000 0.0000 1.1544
cube.urdf 0.6902 0.4784 0.6314 -0.0162 0.7302 0.0240 0.0000 0.0000 -1.9872
cube.urdf 0.4627 0.7176 0.6980 0.0249 0.7120 0.0240 0.0000 0.0000 1.1544
cube.urdf 1.0000 0.6157 0.6549 0.0479 0.6526 0.0240 0.0000 0.0000 1.1544
half-cube.urdf 0.4627 0.7176 0.6980 0.0663 0.5830 0.0240 0.0000 0.0000 1.1544
cylinder.urdf 0.3059 0.4745 0.6549 0.0802 0.6132 0.0240 0.0000 0.0000 1.1544
head.urdf 1.0 1.0 1.0 0.0 0.06 0.806 0.0 0.77 1.57