cylinder.urdf 0 1 0 0.017 0.5011 0.0235 0.0005 0.0001 -0.0577
concave.urdf 0.349 0.2314 0.3098 0.0175 0.4777 0.0235 0.0 0.0 0.0186
concave.urdf 0.6118 0.4588 0.3725 0.0164 0.5248 0.0235 -0.0 -0.0 -3.1229
rect.urdf 0.949 0.5569 0.1686 0.0463 0.4301 0.0235 0.0 0.0002 1.5775
rect.urdf 0.9294 0.7882 0.2824 -0.0536 0.5006 0.0235 0.0 0.0001 0.0113
rect.urdf 0.7294 0.6902 0.6745 0.0156 0.5722 0.0235 0.0 0.0002 1.5817
rect.urdf 1.0 0.3412 0.349 0.0871 0.5027 0.0235 0.0001 0.0001 0.0174
cube.urdf 0.6902 0.4784 0.6314 0.086 0.5722 0.0235 -0.0 -0.0 1.5882
cube.urdf 0.4627 0.7176 0.698 -0.0541 0.5702 0.0235 -0.0 0.0001 1.5801
cube.urdf 1.0 0.6157 0.6549 -0.0514 0.4311 0.0235 0.0 0.0002 1.5821
cube.urdf 1.0 0.6157 0.6549 0.0883 0.4331 0.0235 0.0 -0.0 1.5861