rect.urdf 0 1 0 0.0283 0.5651 0.0240 0.0000 0.0000 -0.8898
triangle.urdf 0.3059 0.4745 0.6549 0.0000 0.6000 0.0240 0.0000 0.0000 -0.8898
concave.urdf 0.6118 0.4588 0.3725 0.0666 0.6250 0.0240 0.0000 0.0000 -4.0314
cube.urdf 0.9490 0.5569 0.1686 0.0392 0.5159 0.0240 0.0000 0.0000 -4.0314
cylinder.urdf 0.9294 0.7882 0.2824 -0.0313 0.4877 0.0240 0.0000 0.0000 -0.8898
concave.urdf 1.0000 0.3412 0.3490 -0.0162 0.4691 0.0240 0.0000 0.0000 0.6810
concave.urdf 0.7294 0.6902 0.6745 -0.0464 0.5064 0.0240 0.0000 0.0000 -2.4606
triangle.urdf 0.7294 0.6902 0.6745 -0.0777 0.5371 0.0240 0.0000 0.0000 -0.8898
concave.urdf 1.0000 0.3412 0.3490 0.0274 0.7091 0.0240 0.0000 0.0000 -0.8898
concave.urdf 0.6902 0.4784 0.6314 -0.0575 0.6808 0.0240 0.0000 0.0000 -0.8898
cube.urdf 0.4627 0.7176 0.6980 0.1096 0.5726 0.0240 0.0000 0.0000 -4.0314